23 0.63203125 0.90703125 0.17890625 0.034375
10 0.48125 0.8125 0.1109375 0.17890625
10 0.35390625 0.8015625 0.11484375 0.18984375
10 0.2375 0.7953125 0.11484375 0.17265625
10 0.12265625 0.7859375 0.09453125 0.15390625
10 0.7921875 0.828125 0.14609375 0.21015625
10 0.93046875 0.8171875 0.134375 0.19921875
10 0.53125 0.690625 0.07421875 0.1125
10 0.72109375 0.684375 0.08671875 0.09453125
10 0.81640625 0.6796875 0.08984375 0.1078125
10 0.440625 0.68046875 0.08046875 0.08125
10 0.93125 0.68828125 0.10234375 0.08671875
10 0.36015625 0.66328125 0.07734375 0.05859375