10 0.45078125 0.67109375 0.075 0.0734375
10 0.515625 0.54765625 0.046875 0.0609375
23 0.534375 0.89765625 0.1484375 0.02734375
23 0.5390625 0.78125 0.1015625 0.02734375
23 0.5421875 0.709375 0.08671875 0.02265625
10 0.38828125 0.82578125 0.1125 0.22265625
10 0.2609375 0.8078125 0.10859375 0.16953125
10 0.14140625 0.7984375 0.11484375 0.1625
10 0.678125 0.8078125 0.11328125 0.18515625
10 0.80625 0.803125 0.13203125 0.171875
10 0.940625 0.7984375 0.11796875 0.16171875
10 0.63203125 0.68515625 0.08671875 0.08984375
10 0.728125 0.68125 0.075 0.071875
10 0.81328125 0.675 0.09140625 0.0765625
10 0.9015625 0.6703125 0.0859375 0.071875
10 0.0953125 0.6703125 0.0640625 0.0671875
10 0.184375 0.671875 0.08828125 0.0640625
10 0.27734375 0.6765625 0.0703125 0.0625
10 0.3640625 0.67265625 0.07734375 0.0546875